38.0
3
13 21
1 1 1 1 1 1 1 1 1 1 1 1 1 1 1 1 1 1 1 1 1 
1 3 3 3 3 0 2 2 2 2 2 2 0 2 2 2 0 5 5 0 1 
1 0 1 3 1 2 1 2 1 2 1 2 1 2 1 2 1 5 1 5 1 
1 2 2 0 0 2 2 2 2 2 2 0 2 0 0 2 5 5 5 5 1 
1 2 1 2 1 2 1 0 1 2 1 2 1 2 1 2 1 5 1 0 1 
1 2 2 2 2 2 2 2 2 2 2 2 2 0 2 2 2 2 2 2 1 
1 2 1 2 1 0 1 2 1 2 1 0 1 2 1 0 1 2 1 2 1 
1 2 0 2 2 2 2 2 2 0 2 2 2 2 2 2 2 2 2 2 1 
1 6 1 2 1 2 1 2 1 2 1 2 1 2 1 2 1 2 1 4 1 
1 6 6 2 2 2 2 2 2 2 2 2 2 2 2 2 0 2 4 4 1 
1 6 1 2 1 0 1 2 1 2 1 0 1 2 1 2 1 2 1 4 1 
1 6 6 0 2 2 2 2 2 2 2 2 0 0 2 2 2 0 4 4 1 
1 1 1 1 1 1 1 1 1 1 1 1 1 1 1 1 1 1 1 1 1 
3
11 17 1 39.5
1 5 2 40.5
11 3 1 41.5
4
2 3 0 0 0 2 0 0
11 19 1 0 0 1 0 0
1 18 2 1 1 1 0 0
11 2 3 0 1 1 0 0
0
